-5 3 2 41 23
-7 9 -2 62 32
-5 7 -2 55 32
-5 3 -3 44 32
-5 3 -3 38 32
2 -2 -3 30 32
2 -2 -3 71 32
-2 -2 -3 74 33
0 -2 -5 64 33
-5 7 -2 61 33
0 -2 -5 60 33
0 -1 -2 50 33
0 -1 -2 49 33
2 0 -5 47 33
-2 -2 -3 46 33
0 -2 -5 37 33
0 -2 -5 36 33
-7 2 -2 35 33
0 -3 -4 34 33
-7 9 -2 33 33
0 -3 0 32 33
0 -3 -2 27 33
0 -3 -2 26 33
0 0 -7 24 33
0 0 -5 21 33
-4 2 -2 11 33
-4 2 2 10 33
-2 0 -2 9 33
-2 0 2 8 33
0 2 -2 4 33
0 0 -3 51 34
0 0 -2 15 34
-4 2 -2 12 34
0 2 -2 1 34
2 0 -2 54 42
-2 -2 -3 45 42
-1 -2 -2 23 42
-1 -2 -2 20 42
0 -2 -4 76 43
-5 3 2 75 43
-2 0 -2 70 43
2 0 -5 69 43
-2 0 -5 56 43
2 -2 -5 53 43
0 -1 -2 48 43
-2 0 -5 43 43
-2 0 -5 42 43
2 -2 -5 40 43
-2 0 -3 39 43
0 -2 -5 31 43
-1 -2 -2 29 43
-3 -2 -2 28 43
0 -3 0 25 43
-3 -2 -2 22 43
2 -2 -5 19 43
-3 2 2 18 43
-4 2 -2 14 43
-2 0 -2 13 43
2 0 -2 6 43
0 2 -2 2 43
-5 7 -2 7 43
-5 7 -2 80 44
2 -2 -3 52 44
-4 2 -2 17 44
-2 0 -2 16 44
0 2 -2 5 44
0 2 -2 3 44
0 -2 -5 78 43
-4 2 2 79 43
-5 3 2 81 33
-2 0 2 82 44
0 -3 -4 83 34
0 -3 -4 84 34
0 -2 -5 85 33
0 -2 -5 86 33
2 -2 -3 87 42
